4 4 0.4 0.2 0.2 0.2 0.2 0.4 0.2 0.2 0.2 0.2 0.4 0.2 0.2 0.2 0.2 0.4 
4 4 0.4 0.2 0.2 0.2 0.2 0.4 0.2 0.2 0.2 0.2 0.4 0.2 0.2 0.2 0.2 0.4 
1 4 0.241896 0.266086 0.249153 0.242864 
1000 0 1 2 3 3 0 0 1 1 1 2 2 2 3 0 0 0 1 1 1 2 3 3 0 0 0 1 1 1 2 3 3 0 1 2 3 0 1 1 1 2 3 3 0 1 2 2 3 0 0 0 1 1 2 2 3 0 1 1 2 3 0 1 2 2 2 2 3 0 0 1 2 3 0 1 1 2 3 3 3 0 0 1 1 1 1 2 2 3 3 3 0 1 2 3 3 3 3 0 1 1 2 2 3 0 0 0 0 0 0 0 0 0 1 1 1 1 1 2 2 2 3 3 3 3 0 1 1 1 1 1 2 2 2 2 2 2 2 2 2 2 3 3 3 0 1 2 3 0 1 1 1 2 3 0 1 1 2 2 2 2 2 3 0 1 1 1 2 2 2 2 3 0 0 0 0 0 1 1 1 1 2 2 3 3 0 1 2 3 3 0 0 0 0 0 0 1 1 2 2 3 0 0 1 1 1 1 1 1 2 3 3 0 0 1 1 1 2 3 0 0 1 2 3 0 1 1 2 3 3 0 0 0 1 2 3 3 3 0 1 1 1 1 2 3 3 3 3 3 3 0 1 2 2 2 2 2 2 3 0 1 1 1 2 2 3 3 3 3 0 1 2 3 0 0 0 1 1 2 2 3 0 0 0 0 0 0 0 1 2 2 2 3 3 3 3 0 0 1 2 2 2 3 3 3 0 0 1 2 2 3 0 0 0 0 1 1 1 2 3 3 3 3 3 3 3 3 0 1 2 3 0 0 1 2 3 3 3 0 0 0 0 0 1 1 1 1 2 3 0 0 0 1 2 2 3 3 0 0 0 1 1 1 1 1 2 3 3 3 3 0 1 1 1 2 2 3 0 1 2 3 3 3 3 0 0 0 0 1 2 3 3 0 1 2 2 3 3 0 0 1 1 2 3 3 0 1 2 2 3 3 3 0 0 1 1 2 3 3 3 3 0 0 1 1 2 3 3 0 1 2 3 0 1 1 2 2 3 0 1 2 3 3 0 1 1 1 2 2 2 3 3 0 0 1 1 1 1 1 2 3 3 3 0 1 1 2 2 2 2 3 3 0 0 1 2 3 0 1 1 2 2 2 2 3 0 0 1 2 2 3 0 0 0 0 0 1 1 1 2 3 0 0 1 2 3 3 0 0 0 1 2 2 2 3 3 0 0 0 1 2 2 2 2 2 3 0 1 1 2 3 0 0 1 1 1 2 2 3 0 0 0 0 1 1 1 2 2 3 0 1 1 1 2 2 2 3 3 0 0 1 2 2 3 3 3 0 1 1 2 3 0 0 0 0 0 1 2 2 2 3 3 3 0 0 0 1 2 3 0 1 1 2 3 3 3 0 1 2 2 2 3 0 0 1 1 1 1 2 3 3 0 0 0 0 1 2 3 3 3 0 0 0 1 1 2 3 0 1 1 1 1 2 2 2 2 2 2 3 0 0 0 0 1 2 2 2 2 3 0 1 2 2 3 0 1 2 3 0 1 2 3 0 0 0 1 1 2 2 3 3 0 1 1 1 1 2 2 3 3 0 1 1 1 2 2 2 3 3 3 0 1 1 2 3 3 0 1 2 3 0 0 0 0 1 2 3 0 0 0 0 0 0 1 2 2 3 3 0 0 1 2 3 0 1 2 2 3 0 0 0 1 1 2 2 2 2 2 3 3 3 3 3 0 1 2 2 3 3 3 3 3 0 0 1 1 2 2 3 0 0 1 2 2 3 3 3 0 0 0 1 2 2 2 2 3 3 0 1 2 3 0 0 1 1 1 2 2 3 0 0 1 1 2 2 2 3 3 0 0 1 1 1 1 1 2 3 3 3 0 1 2 2 2 2 3 3 3 3 3 3 0 0 0 0 0 0 1 2 3 0 0 1 1 1 2 3 0 0 1 1 2 2 2 2 3 3 3 0 1 1 2 2 2 3 3 0 0 0 0 0 0 1 2 2 3 3 0 0 0 0 0 0 1 2 3 3 3 0 1 1 1 2 2 2 2 2 3 3 3 0 1 2 2 2 3 3 3 3 0 0 0 0 1 2 3 3 3 3 3 3 0 0 1 1 1 1 2 3 0 1 2 3 0 1 1 2 3 3 3 0 0 0 0 1 1 2 3 3 3 3 0 0 1 1 1 2 2 2 2 2 2 3 3 0 0 0 1 2 3 0 0 1 1 2 2 3 3 3 3 3 0 0 1 2 2 2 2 3 0 0 1 1 1 1 1 2 3 3 0 0 1 1 1 2 3 3 3 0 0 



4 4 0.543726 0.456274 0.0 0.0 0.0 0.506173 0.493827 0.0 0.0 0.0 0.504132 0.495868 0.478088 0.0 0.0 0.521912 
4 4 1.0 0.0 0.0 0.0 0.0 1.0 0.0 0.0 0.0 0.0 1.0 0.0 0.0 0.0 0.0 1.0

4 4 0.545455 0.454545 0.0 0.0 0.0 0.506173 0.493827 0.0 0.0 0.0 0.504132 0.495868 0.478088 0.0 0.0 0.521912 
4 4 1.0 0.0 0.0 0.0 0.0 1.0 0.0 0.0 0.0 0.0 1.0 0.0 0.0 0.0 0.0 1.0 

4 4 0.543726 0.456274 0.0 0.0 0.0 0.506173 0.493827 0.0 0.0 0.0 0.504132 0.495868 0.478088 0.0 0.0 0.521912 
4 4 1.0 0.0 0.0 0.0 0.0 1.0 0.0 0.0 0.0 0.0 1.0 0.0 0.0 0.0 0.0 1.0

4 4 0.543734 0.456266 0.0 0.0 0.0 0.506128 0.493872 0.0 0.0 0.0 0.504203 0.495797 0.478122 0.0 0.0 0.521878 4 4 0.999664 0.000172 0.0 0.000164 0.000167 0.999691 0.000142 0.0 0.0 0.000215 0.999577 0.000208 0.000168 0.0 0.000132 0.9997


4 4 0.543726 0.456274 0.0 0.0 0.0 0.506173 0.493827 0.0 0.0 0.0 0.504132 0.495868 0.478088 0.0 0.0 0.521912 
4 4 1.0 0.0 0.0 0.0 0.0 1.0 0.0 0.0 0.0 0.0 1.0 0.0 0.0 0.0 0.0 1.0

4 4 0.543726 0.456274 0.0 0.0 0.0 0.506173 0.493827 0.0 0.0 0.0 0.504132 0.495868 0.478088 0.0 0.0 0.521912 
4 4 1.0 0.0 0.0 0.0 0.0 1.0 0.0 0.0 0.0 0.0 1.0 0.0 0.0 0.0 0.0 1.0
